lg_nw,r_nw,t_ox,index
16,2,1.5,215
19,2,0.5,316
11,2,0.5,36
20,2.5,1,358
15,3,1,188
11,5,0.5,66
14,2.5,0.5,146
16,2.5,0.5,216
10,3,0.5,11
14,5,1.5,175
19,3,1.25,329
10,4.5,0.5,26
20,3.5,1.5,370
16,3.5,0.75,227
14,4.5,0.5,166
17,3.5,1,263
16,5,0.75,242
20,4.5,1,378
13,4.5,1.5,135
12,4.5,0.5,96
17,3,1,258
14,3,1.5,155
15,2.5,1.5,185
17,4.5,0.75,272
15,2.5,1.25,184
20,4,1.25,374
19,2.5,0.5,321
14,2,0.5,141
19,5,1.5,350
12,2.5,0.75,77
12,4.5,1.25,99
15,3.5,1.5,195
13,5,1.25,139
16,2,1,213
10,4.5,0.75,27
13,4,1.5,130
15,3,0.5,186
20,2,0.75,352
14,4.5,1.5,170
12,5,1.25,104
17,2,1.25,249
19,2.5,1,323
14,3.5,1.5,160
18,2.5,1.25,289
13,4,1,128
11,4,0.5,56
10,4,1.5,25
13,4.5,0.5,131
12,3.5,1.5,90
20,4.5,1.5,380
20,3.5,1,368
11,2.5,1.25,44
12,3,1,83
20,2.5,0.75,357
12,5,0.75,102
14,2.5,0.75,147
19,2.5,0.75,322
19,3.5,0.75,332
14,3.5,1.25,159
19,5,0.75,347
19,3,1,328
20,3,0.75,362
11,3.5,1.25,54
15,5,1.25,209
20,3.5,0.5,366
13,4.5,1.25,134
12,3,1.5,85
15,3,1.25,189
12,3,0.75,82
20,5,1,383
10,2.5,1.5,10
13,2,0.75,107
16,3.5,1.25,229
17,4,0.5,266
11,5,1,68
20,5,1.25,384
14,4,0.5,161
15,2,1.5,180
13,5,0.5,136
16,4.5,0.75,237
18,4.5,1.5,310
20,2.5,1.25,359
19,4,0.5,336
10,5,1,33
15,4,0.5,196
16,5,1.5,245
19,2.5,1.5,325
19,5,1,348
15,2.5,1,183
13,2,0.5,106
17,3.5,1.5,265
14,3,1,153
20,4.5,0.5,376
16,3,1.5,225
14,5,1,173
13,2.5,1,113
11,3,1.5,50
12,2,1,73
17,2.5,1.5,255
13,3.5,1.25,124
17,5,1,278
13,3.5,0.75,122
19,3.5,1.25,334
18,2.5,1.5,290
18,3,1,293
15,2,1.25,179
18,2,0.5,281
16,2.5,1,218
13,2.5,0.5,111
17,5,1.25,279
11,2,1.25,39
18,4.5,0.5,306
13,3.5,0.5,121
20,2.5,1.5,360
19,4.5,0.5,341
10,4.5,1,28
17,4.5,1.5,275
16,5,0.5,241
10,3.5,0.5,16
18,5,1,313
10,4,1,23
18,2.5,0.5,286
19,4.5,0.75,342
10,5,0.5,31
20,4,1,373
12,5,0.5,101
15,4,1,198
11,4,1.25,59
16,3.5,1,228
18,3,1.25,294
12,2,1.25,74
12,4.5,1,98
14,4,1.25,164
19,4,0.75,337
18,3,0.75,292
16,2,1.25,214
13,3,1,118
11,4,1,58
13,3,0.5,116
16,3,0.75,222
20,4,1.5,375
10,4.5,1.25,29
17,5,0.5,276
14,2.5,1.25,149
20,4.5,0.75,377
14,2.5,1,148
16,3.5,1.5,230
17,2.5,1.25,254
10,4,0.75,22
18,4.5,0.75,307
18,2,0.75,282
10,3,1,13
11,3,1.25,49
18,3.5,1.5,300
14,4,1,163
12,2.5,1.5,80
13,3,0.75,117
14,5,0.75,172
13,2,1.5,110
11,2,0.75,37
12,2.5,1.25,79
19,4,1,338
16,3,0.5,221
17,3.5,0.5,261
19,3.5,1.5,335
14,3,0.75,152
14,4,1.5,165
20,2,1.5,355
12,4.5,1.5,100
10,4.5,1.5,30
11,4.5,0.75,62
10,4,0.5,21
12,2,0.75,72
15,4.5,0.5,201
10,5,0.75,32
14,3.5,0.5,156
16,4,0.5,231
15,5,0.75,207
19,3.5,0.5,331
13,4,0.75,127
10,3.5,0.75,17
12,3.5,0.75,87
10,3.5,1,18
13,3.5,1,123
14,3.5,0.75,157
16,2.5,0.75,217
11,3.5,0.75,52
15,3.5,1.25,194
10,2,0.5,1
11,2,1,38
18,4.5,1,308
14,2.5,1.5,150
10,3,1.25,14
14,3,1.25,154
19,4.5,1.25,344
17,4,0.75,267
11,4,1.5,60
12,3,0.5,81
10,4,1.25,24
11,3.5,1.5,55
18,2.5,1,288
20,2,1,353
12,4,0.75,92
18,2,1,283
15,4.5,0.75,202
12,2.5,0.5,76
14,3.5,1,158
20,5,0.5,381
12,2.5,1,78
16,5,1,243
17,4.5,1,273
20,5,0.75,382
12,4,1.25,94
17,2.5,0.75,252
19,4,1.25,339
13,3,1.25,119
16,4.5,1,238
18,5,0.75,312
16,2,0.75,212
18,5,1.25,314
11,3,0.75,47
14,4.5,1,168
15,3.5,0.5,191
10,2.5,0.5,6
13,4.5,1,133
14,2,1.25,144
12,3.5,1.25,89
15,4,1.5,200
17,4.5,1.25,274
11,2.5,1,43
16,4.5,1.25,239
16,4.5,1.5,240
20,3.5,0.75,367
10,2,1.25,4
11,5,1.5,70
14,4.5,0.75,167
12,4,1.5,95
10,5,1.5,35
15,3,1.5,190
13,5,1,138
12,4.5,0.75,97
18,3.5,1.25,299
18,4,1.5,305
12,4,0.5,91
11,4.5,1.25,64
19,2,1.25,319
17,4,1,268
13,2,1.25,109
11,3.5,0.5,51
14,2,1,143
17,3,0.75,257
18,3,0.5,291
12,5,1,103
13,2.5,1.5,115
10,2.5,1.25,9
13,5,0.75,137
16,5,1.25,244
18,2.5,0.75,287
13,4.5,0.75,132
16,2.5,1.5,220
20,4,0.5,371
18,3.5,1,298
19,3,0.5,326
19,2,0.75,317
20,2.5,0.5,356
19,3,1.5,330
19,3.5,1,333
16,3,1,223
17,2.5,0.5,251
